1.66391e-05
-2.15076e-05
2.52574e-05
-2.30825e-05
2.94517e-05
-2.2342e-05
3.09301e-05
-2.00417e-05
3.04854e-05
-1.66862e-05
2.85373e-05
-1.2476e-05
2.54376e-05
-7.67256e-06
2.15607e-05
-2.56982e-06
1.72582e-05
2.59633e-06
1.25783e-05
7.34121e-06
6.92764e-06
1.14294e-05
2.81681e-05
-1.16479e-05
2.77491e-05
-2.08054e-05
2.92705e-05
-2.29142e-05
3.04625e-05
-2.14423e-05
3.01621e-05
-1.86623e-05
2.83669e-05
-1.48991e-05
2.53117e-05
-1.03923e-05
2.13286e-05
-5.41169e-06
1.68223e-05
-2.64369e-07
1.22882e-05
4.76269e-06
8.3119e-06
9.54426e-06
6.1344e-06
1.24248e-05
3.97612e-06
1.39519e-05
3.23013e-05
-1.73919e-05
3.29994e-05
-1.95492e-05
3.20016e-05
-2.09669e-05
3.04668e-05
-1.95655e-05
2.8169e-05
-1.65431e-05
2.4873e-05
-1.24792e-05
2.0663e-05
-7.65281e-06
1.57602e-05
-2.40744e-06
1.0611e-05
2.82692e-06
5.77901e-06
7.73661e-06
1.97948e-06
1.2072e-05
-8.52929e-07
1.61347e-05
-3.47423e-06
2.28708e-05
3.24127e-05
-1.96526e-05
3.24902e-05
-1.898e-05
3.10002e-05
-1.86657e-05
2.8141e-05
-1.70108e-05
2.42565e-05
-1.3902e-05
1.95677e-05
-9.66865e-06
1.41773e-05
-4.53366e-06
8.37141e-06
1.10303e-06
2.37133e-06
6.54646e-06
-3.01034e-06
1.12571e-05
-7.42906e-06
1.5544e-05
-1.08423e-05
2.05868e-05
-1.34261e-05
2.89331e-05
3.01233e-05
-1.97763e-05
2.98357e-05
-1.79776e-05
2.77299e-05
-1.65872e-05
2.3886e-05
-1.43456e-05
1.85178e-05
-1.10477e-05
1.21667e-05
-6.89095e-06
5.74011e-06
-1.53363e-06
-1.28777e-06
4.82206e-06
-7.84333e-06
1.06486e-05
-1.405e-05
1.50934e-05
-1.84657e-05
1.88766e-05
-2.1777e-05
2.42976e-05
-2.41751e-05
3.29191e-05
2.74291e-05
-1.84859e-05
2.67396e-05
-1.66335e-05
2.41257e-05
-1.46295e-05
1.92207e-05
-1.17539e-05
1.22304e-05
-8.13097e-06
3.36424e-06
-4.0433e-06
-6.45123e-06
3.80805e-07
-1.26072e-05
7.89521e-06
-2.15092e-05
1.54168e-05
-2.59161e-05
1.77307e-05
-2.96238e-05
2.08526e-05
-3.25935e-05
2.63659e-05
-3.44732e-05
3.54122e-05
2.58153e-05
-1.62453e-05
2.52645e-05
-1.53748e-05
2.18123e-05
-1.26273e-05
1.59147e-05
-9.27271e-06
7.69913e-06
-5.29369e-06
-3.02379e-06
-1.03925e-06
-1.79109e-05
3.00434e-06
-4.39335e-05
9.78259e-06
-3.36585e-05
1.59522e-05
-3.41737e-05
1.82558e-05
-3.81147e-05
2.12203e-05
-4.3167e-05
2.61936e-05
-4.75355e-05
3.75505e-05
0
0
0
0
