-8.34911 1.58301
0 2.62757
0 3.26213
0 3.85228
-0.0528299 4.44136
-0.0871894 4.87106
-0.0938788 5.02062
-0.0811422 4.85955
-0.0621594 4.44633
-0.0504427 3.87999
-0.0545211 3.24329
-0.0738618 2.57492
-0.0988883 1.88743
-0.109394 1.20915
-0.066433 0.607145
0 0.154309
-6.22076 0.102411
-2.74996 1.16365
-0.62311 1.61505
-0.41286 2.16025
-0.433949 2.57277
-0.445451 2.79228
-0.420718 2.86076
-0.384994 2.8129
-0.352414 2.6629
-0.343104 2.4391
-0.379561 2.18479
-0.460367 1.94021
-0.54178 1.71502
-0.533879 1.47298
-0.355659 1.14089
-0.0641629 0.640733
-3.83802 0.177046
-3.24896 1.20855
-2.35006 1.62877
-1.72586 1.63223
-1.44256 1.46487
-1.20017 1.21587
-1.01614 1.07179
-0.955949 1.14016
-0.915942 1.26
-0.86007 1.30304
-0.839095 1.30327
-0.873682 1.3158
-0.914059 1.39044
-0.866344 1.52246
-0.606254 1.58505
-0.113201 1.39135
-2.10673 0.168709
-2.62493 0.925537
-2.7586 1.33223
-2.87092 1.31293
-2.82195 0.833062
-2.40269 0
-1.9265 0
-2.00412 0
-1.90455 0.359236
-1.60285 0.520522
-1.39878 0.566894
-1.23985 0.601907
-1.11001 0.722567
-0.999419 1.1383
-0.726571 1.84087
-0.111762 2.42667
-0.913743 0.0774552
-1.75774 0.489157
-2.4189 0.757121
-3.11369 0.767472
-4.41859 0.296195
-4.33162 0
-3.72991 0
-4.02492 0
-3.08783 0.0578629
-2.59185 0.137358
-2.21523 0.147248
-1.86362 0.103157
-1.47392 0.0401805
-1.01306 0.0632538
-0.663932 1.27957
-0.0354068 3.78077
-0.191089 0
-0.835892 0.0790125
-1.70877 0.151502
-2.7464 0.0811097
-4.11232 0.115009
-9.15856 0
-9.01389 0
-4.88145 0
-4.13333 0
-3.67953 0.0245911
-3.26471 0.0112297
-2.8691 0
-2.53029 0
-2.30971 0
-2.18124 0
-1.55827 4.61199
