-0.147566 0
-0.044943 0.0191237
-0.0131959 0.0364741
-0.00605696 0.0585256
-0.00983675 0.0419935
-0.00453319 0.030224
-0.00453319 0.030224
-0.00983675 0.0419935
-0.00605696 0.0585256
-0.0131959 0.0364741
-0.044943 0.0191237
-0.147566 0
-0.117897 2.87437e-05
-0.20686 0.0444765
-0.0555353 0.043171
-0.0213325 0.0108803
-0.024749 0
-0.0265027 0
-0.0265027 0
-0.024749 0
-0.0213325 0.0108803
-0.0555353 0.043171
-0.20686 0.0444765
-0.117897 2.87437e-05
-0.0451105 0
-0.139105 0.0188895
-0.13442 0.0118161
-0.0790132 0
-0.0571775 0
-0.0266391 0
-0.0266391 0
-0.0571775 0
-0.0790132 0
-0.13442 0.0118161
-0.139105 0.0188895
-0.0451105 0
-0.0147549 0.000619008
-0.0574668 0.00286889
-0.104749 0.00222776
-0.182254 0
-0.121034 0
-0.0594716 0
-0.0594716 0
-0.121034 0
-0.182254 0
-0.104749 0.00222776
-0.0574668 0.00286889
-0.0147549 0.000619008
-0.00264244 7.24444e-05
-0.015037 0.000393639
-0.0450409 0.00101799
-0.104062 0.00393476
-0.210388 0.0100735
-0.0959391 0
-0.0959391 0
-0.210388 0.0100735
-0.104062 0.00393476
-0.0450409 0.00101799
-0.015037 0.000393639
-0.00264244 7.24444e-05
-3.49094e-05 6.6755e-07
-0.00205272 2.90507e-05
-0.0110451 3.66335e-05
-0.0370137 0.00111993
-0.0787955 0.00568268
-0.145036 0
-0.145036 0
-0.0787955 0.00568268
-0.0370137 0.00111993
-0.0110451 3.66335e-05
-0.00205272 2.90507e-05
-3.49094e-05 6.6755e-07
